1
0.0    0.9375   0.0625 0.9375   0.0625 1.0   0.0    1.0
0.0    0.9375   0.0625 0.9375   0.0625 1.0   0.0    1.0
0.0    0.9375   0.0625 0.9375   0.0625 1.0   0.0    1.0
0.0    0.9375   0.0625 0.9375   0.0625 1.0   0.0    1.0
0.0    0.9375   0.0625 0.9375   0.0625 1.0   0.0    1.0
0.0    0.9375   0.0625 0.9375   0.0625 1.0   0.0    1.0
2
0.125  0.9375   0.1875 0.9375   0.1875 1.0   0.125  1.0
0.0625 0.9375   0.125  0.9375   0.125  1.0   0.0625 1.0
0.0625 0.9375   0.125  0.9375   0.125  1.0   0.0625 1.0
0.0625 0.9375   0.125  0.9375   0.125  1.0   0.0625 1.0
0.0625 0.9375   0.125  0.9375   0.125  1.0   0.0625 1.0
0.0    0.9375   0.0625 0.9375   0.0625 1.0   0.0    1.0
3
0.250  0.9375   0.3125 0.9375   0.3125 1.0   0.250  1.0
0.1875 0.9375   0.250  0.9375   0.250  1.0   0.1875 1.0
0.1875 0.9375   0.250  0.9375   0.250  1.0   0.1875 1.0
0.1875 0.9375   0.250  0.9375   0.250  1.0   0.1875 1.0
0.1875 0.9375   0.250  0.9375   0.250  1.0   0.1875 1.0
0.0    0.9375   0.0625 0.9375   0.0625 1.0   0.0    1.0